ind	Contig944	Contig3766	Contig1776	Contig213	Barcode	Total	No_RadTag	Retained
ery_30-1	3	7	5	2	CGATA	2741499	16949	2513078
ery_30-10	5	3	13	2	GGGGA	4550043	21210	4179391
ery_30-11	5	6	10	1	GTACA	3786948	21469	3472303
ery_30-12	4	6	8	2	GTGTG	2828544	29194	2587874
ery_30-13	1	3	6	3	TAATG	2504862	22121	2290467
ery_30-14	8	1	4	2	TAGCA	2841757	14116	2616437
ery_30-15	7	7	7	1	TCAGA	3940995	15894	3629774
ery_30-16	0	5	2	4	TCGAG	2876844	16231	2650440
ery_30-17	5	9	5	4	TGACC	3130305	20977	2878209
ery_30-18	5	4	7	2	TGGTT	4011989	36663	3670980
ery_30-2	1	7	8	3	CGGCG	3925123	12524	3616612
ery_30-3	2	11	7	4	CTAGG	4057083	21056	3730409
ery_30-4	4	7	5	1	CTGAA	3855904	16204	3547877
ery_30-5	3	8	6	2	GAAGC	3585844	25893	3276988
ery_30-6	6	3	4	1	GAGAT	3632585	45748	3316305
ery_30-7	4	3	6	0	GCATT	2985366	21990	2743216
ery_30-8	3	8	5	0	GCGCC	3320087	11485	3055109
ery_30-9	4	2	6	5	GGAAG	3307312	21271	3036738
par_34-1	2	0	5	1	TTAAT	815154	6714	743647
par_34-10	1	4	2	1	ACGTA	2246050	8923	2064860
par_34-11	0	1	2	0	AGAGT	1826870	19305	1666953
par_34-12	4	1	2	1	AGGAC	2200688	10824	2022817
par_34-13	0	2	5	2	ATATC	1803438	10989	1652095
par_34-14	3	7	7	0	ATGCT	3075093	13830	2828875
par_34-15	4	4	4	0	CAACT	2269465	15227	2077299
par_34-16	3	3	0	3	CAGTC	2411570	9474	2217802
par_34-17	2	1	3	0	CCAAC	2112602	9291	1940666
par_34-18	6	6	2	3	CCGGT	2315920	12093	2130255
par_34-2	6	4	2	3	TTGGC	2754462	16830	2513662
par_34-3	3	9	2	1	AACCC	2321444	10518	2125699
par_34-4	4	4	3	5	AATTT	1767451	15399	1614838
par_34-5	3	4	2	1	ACCAT	3040080	18767	2788172
par_34-6	4	2	4	2	ACTGC	2228400	10319	2044462
par_34-7	3	1	7	0	AAAAA	2593588	39578	2354814
par_34-8	4	8	3	3	AAGGG	2526440	10048	2317785
par_34-9	4	2	4	2	ACACG	1963328	8746	1801927
